2875511052
1143665638
8654842554
5214553434
6208765444
1834444045
6643523467
7136627823
6845783450
5080643636
8637563347
5044064064
8044233535
2140065083
3208226577
0370128033
7882181766
8255344572
3714600704
4152533722
1374733167
7115278563
5845225626
8858033526
1628452030
1473634217
4575702376
3254111002
1431040143
7018012211
5037480604
1360371516
5737882205
3486405526
0884325381
8554104317
7154448726
1472766181
3014465021
2754621116
5831438451
4527106625
2755007745
1623074620
2002866827
4681865114
6341245723
1560586640
0224213344
7045523766
5140728864
4262447465
3742412167
5417332750
0161877206
4033008322
4351088758
7884202288
0222743704
0883353563
8180677284
4035678242
4175144064
3407202348
4811573608
0665067805
8321353243
2352178814
5607065333
6720275854
2786625771
4220418006
4886227742
6632743436
0631085311
0470126056
2847286878
2248852737
3751188652
6650510002
2236081057
0736367560
2156334675
5086477325
1027858871
7062767706
4822670542
1686648636
2210333603
0430526224
8564811381
7756867310
5381587868
4014756748
0686534137
2587810884
6542560034
8044616851
7155638522
1102602432
3235306684
7801830787
2151830063
7326214085
1147403757
0541024023
6131475277
7774172465
2027105070
5044624182
6776062848
0227352850
7871164280
1478582347
0346738664
4478602111
3317138844
4162466545
1267300703
0471176180
4126020838
5288106870
0311551073
1333561150
7830487748
1301631760
2523173521
2010406463
7423318147
0540775765
4572678781
4622240787
2843572238
8014182734
6152030054
4123512615
3884706165
6316184061
1420516887
8132276273
4388457518
1720351525
1566062108
8505600750
8883211846
3650027738
2511871261
4064355113
0773805253
2581588234
4083286086
1046066727
0335213366
6135605607
5814687032
4755264782
0734508135
6525454654
6685783734
8834045347
7168353788
4763784715
7611460618
6055857355
8466827023
2743431087
5873855862
6400352716
6111358875
1454645036
1880756180
5312038363
5667736703
2428823574
0275577823
1852421712
7584873503
3371606671
7850503606
7170432010
7656526408
3214480657
8626540747
2836822707
2683633862
5441741381
3850550041
7715125517
6647258303
0602516230
4410734846
2251213552
5032232288
1115008138
1836207268
1750840412
3888023816
8064465210
3247307706
3353141367
5884604571
4413886638
4071624617
5755726586
0410377840
8322315008
2215758714
7273211366
5472852726
7621225234
5585108657
0004823838
6417855213
8410246222
2606765067
8762343253
7007403405
5422864777
4562654808
6005868417
6387415484
2618141862
0513137278
1050723770
1738637707
2443327822
2431712712
3517524128
2572043085
5042156134
2338387531
8156445386
8232150056
1161478364
3311227063
1587306138
6886220050
2116383644
3128732247
6551071305
7445517455
5872620850
5302124261
2062568646
7478553551
3061400061
6040712400
8637363321
7556680846
2165547263
5447866768
0221043058
6402532256
5336642262
7330758701
6746170260
8380565066
8557121615
6078380053
1817840348
5361248718
2254330254
6055547330
1874387473
8023544033
5554566465
8048118664
5500483405
8074117230
4730840132
7675662505
6647736573
3714341530
1775633542
3200281768
4887622712
4506113687
3781366602
2537115885
2536506253
5526647234
1163051717
4686403547
3327231683
2121014585
4451154826
2233160858
2412202812
1354417712
8862718621
2736267144
1134550766
7363330153
7805841073
6522765073
6408853155
5164175313
0288563305
8846114075
1027821575
6744067871
4770385428
4573745133
7461832078
2102353727
5285502364
2627028036
7830677117
5782081086
4238254611
0122478820
1687530125
7730120372
3076768354
2731427880
5437614454
1172358143
5404712427
2444164706
7444550436
0816145226
1803805542
2661031443
2686602103
6426161878
3306874828
6048601673
4352436750
0638426874
4445420428
4763314144
7270370151
2630816226
7710113107
5242718538
8666127570
4378488582
2467678786
6651587175
5062351545
6065701448
2475270800
2245623434
1506215221
2165336164
7084228444
4163301442
6270063321
0743808188
5382572635
1476346434
2624604111
7148122127
0544512055
4522715006
0053284074
3758732636
5454166374
4053251324
5754455516
5516804606
1612211284
3151524178
7012554226
2437017638
4453248050
1718770328
2180083641
5161885144
5002134087
4410432876
8261322100
6807445235
6777308434
2373106340
6045773107
0088886064
5325265477
3243534851
2131122160
6035420307
7287014622
6371857510
8502357242
8627557240
8233588052
8512318134
3386334814
6125142138
4683184612
6773416106
6817430505
4103288558
5857057273
8465231252
0124822650
4558671710
5466236048
3081362134
4574268527
5324255848
8885351323
8773413452
8408382151
4047778837
3175022731
7824412678
1137242380
2884364163
5283735732
7762423034
0127851318
4487035418
3255222225
2048147380
2162435452
7808886712
7442000654
7153755717
2387734276
4821608487
3002841418
8210201525
8373880765
6454431238
0184747040
8841134662
8164851664
1513308234
0233340801
7056685771
4833085761
7578877012
3645773078
3121342334
8171300227
0512634612
3054811430
2310712424
2118787746
0000088058
8485658463
3651600221
7753181311
4723864521
3551706731
4311834548
8005111617
7146627631
2558824468
6024386433
3453885460
1082417471
7862331102
1075612038
7864101181
3342445776
0576680411
0753315528
2413514233
5725214065
6615663676
7245870248
1227636583
3754320414
1825115206
1354542833
5237048243
7881228820
5324072601
0023368115
4816011225
5635010356
2166865578
6601524583
6441872662
5733117450
2473813628
8662524011
2201285367
8340442158
3846288085
2815165086
4402006433
1813468015
6476546473
8648568211
1271635515
1114726222
8827567341
0236868226
0143664017
1725722161
6555110845
2264176610
6681330755
4758142504
1256738252
3730328833
7336807288
7072143668
5071866632
5241425160
0556758181
8087537112
3222522230
5105180612
6572751485
1565588863
3470716852
0214205777
2726004088
6388566846
8647731530
0450850141
2024662465
1077813813
8482276124
8558375170
1720750104
5760730384
0307012125
3310586115
7547684383
5134111186
6852540672
6476845446
1412433848
7677670240
6301548553
4618761656
0830736773
2803850288
4145003477
3655854462
5614305872
1410237636
6714062242
5558623435
8300578133
8884351384
5602226167
0383842161
3142326178
7141586283
1535443282
2277052061
1453307401
8104532318
5208857255
5461800762
1855138645
8576521477
2765811045
6311506581
3731648260
4347034632
0556254515
8362433332
7245458064
3465076770
5500584625
4601503370
5745735721
3536438130
6665077022
1582535806
7300785448
1016313375
2642353678
0565782260
4053880831
6283861001
3303461045
1064134512
8503000822
7132360851
4615614014
3458876504
0780001166
5830186808
8020182754
2472142617
6034708302
1818017882
5245327756
2311630383
1764133741
0008628720
2250647736
5115158204
7582547072
2635548473
4022333218
2318805738
8837880365
3162810524
3543814357
1758628183
5028784027
5130356175
0068852413
2254878046
4726061171
1122553854
2080548167
2807841032
4057702661
2018841444
0765622056
2550180465
1584800748
6818012055
1312420377
6217714772
3576028417
4551221185
5055158361
1760302307
4755448527
1230461812
3280281242
3571202581
2576703523
5581032646
8266874005
4680004163
7587023370
6280143084
8881638306
7162520514
3711736203
6023584241
4262766728
1004346410
4720684238
5008674122
7040758533
6483427731
0254167737
0416237846
1304556834
7742033723
6643646322
3185206535
0838615372
6623761030
2865756230
3578438804
4385320135
2725486735
4871801006
0732375608
7441407260
2781835876
8453685062
1244752774
2303201256
6577186752
0103538803
3337045334
8115716180
1558423528
2131387768
7386218301
5471780732
2407767317
5576148660
7002818366
5666102744
8244561412
4820153437
7807514826
0226773627
3483463847
7087787670
4740512235
8805047164
5253136831
8612040208
0575848348
2550855512
0143163836
1277428461
6002403405
2733128007
8511004254
6868420602
1306364564
7362501138
4548216661
8740203574
5220772260
6180713707
3104238316
7321834465
5642201536
8414078655
0030406562
0218166042
5485502536
5055050777
6017132047
5252837416
5180752063
7327545172
2084804448
2223413153
5504475332
6682001580
1615235563
0247886061
4424342381
3578485830
4274050473
6266578378
3350026820
1881575502
8318524203
0821865407
0512472863
7653533263
8306780504
5450858602
3362055831
3575035242
6500214885
5024226815
0012403317
5755767181
4040220510
0414885143
1655664327
1605034025
1132338871
3737600881
2616613216
3855646383
6742645150
1830223035
0426546873
7136614644
8576376252
4570740746
1462415837
6014455524
3121076458
3202732506
6421883057
7368313360
0060617636
8652450315
5332268863
6607507500
8832584034
2003317082
4008445407
4324213014
8420712657
8706151677
4138202647
7617365462
6727388051
3607678883
0845507680
6551023276
4460745047
6421526642
4353324473
3312334218
3141131412
6356342425
3827203654
7131857284
6782111637
7376225527
7664632777
8136441536
0813122141
6805607647
6443656430
2472731621
3506553052
4161504046
0772071045
1527088304
2448380342
2368083663
2835753445
6703022336
6716437480
1582335574
7476621277
5137772883
8508288842
5028427706
6450837262
5180330143
6767881714
0408238680
0288326463
4415121826
4071457857
3272646416
3615322465
8302325777
7704116443
1783334814
2345788034
8200317237
7100066386
7830623401
7532057502
5571148862
0232174147
8337761432
3316718726
0038701030
1170771125
6235843852
0554885030
7668548040
5040375535
5300585184
0630715134
8856482345
4704228671
4037278878
5032301728
1025478505
4807108231
1077741771
5171735543
2164072581
4837228561
2637327786
6160086302
6554235203
8621063476
0055123741
0375264633
6182648513
0127876288
1365477237
2425044046
8086045806
7247423622
1008302017
1882364441
8705346715
0722386415
4256041245
5250804084
2155540780
5745311034
3447377328
1585620022
1775465225
8737370257
7468884107
5708124462
6556606118
8784430817
2855327220
0518162133
0856520633
5105330001
7126807281
5260578877
6468166110
2348154066
0648647217
3254284808
0888083138
0114421341
0574558151
8447365286
4812376631
1385223555
8406127708
7576866334
1426772831
5354684537
8128643863
1208282282
1628061763
4215422278
0388162130
6260818330
8072362360
4066188851
4428372575
2712268153
2365836355
3306354780
1481153640
8745848422
6210085702
7574626183
8842257667
8205037000
6601726140
6810084258
6555480828
6272244034
7072180814
3428354872
4880130517
6771601165
0435172854
8455822463
8406328187
7422652147
1333611502
3786644743
5785787052
8064042522
8852650325
5130034505
5077853680
2555102857
8465172783
5105210531
5286574517
1831713188
6883860855
0411277543
7622158703
5624302623
1522635877
7024081382
6670514523
6158016764
0836788737
1733773841
2814574887
8725182282
8370103603
2747226373
1304482731
2502677426
6047226337
6120137727
4141276080
5510323123
6858755723
5073301376
6051817383
1515645468
2048470158
7156822550
8431884221
0265602330
8012013806
4853501580
0525185042
6110013866
6764887406
0137741740
3802546761
5202550625
6130206725
3810604718
8608223821
0562766335
5856343270
1568457348
3028072681
4448362337
6156162753
6367468811
7223466572
6182721636
0042110623
5670532307
1422075254
6855880810
4460878888
6841306428
5771155370
4320610600
4741573145
2153001771
8418441340
8073644241
8158176643
3255862822
8344556043
2811110051
5582117401
8522333422
4483145041
5768844654
0344821281
4506588861
1711885188
7511664400
6650371023
2013707667
0745261154
