2875511052
6208765444
3208226577
8255344572
7115278563
5737882205
7154448726
5140728864
4035678242
2352178814
6720275854
2786625771
2248852737
3751188652
2236081057
5086477325
1027858871
4822670542
2587810884
7155638522
7326214085
0227352850
1478582347
5288106870
4572678781
2843572238
1420516887
3650027738
2511871261
0773805253
5814687032
4755264782
5873855862
2428823574
0275577823
1852421712
7656526408
3214480657
8626540747
6647258303
1750840412
5755726586
2215758714
5472852726
6417855213
8762343253
5422864777
0513137278
3517524128
2572043085
2338387531
5872620850
8557121615
5361248718
2537115885
1027821575
4770385428
5782081086
1687530125
1172358143
5242718538
8666127570
4378488582
2475270800
5382572635
0053284074
3758732636
3151524178
5002134087
6807445235
8502357242
8627557240
5857057273
4574268527
8773413452
5283735732
0127851318
7578877012
4723864521
1075612038
0753315528
7245870248
1227636583
5237048243
2166865578
2201285367
8827567341
4758142504
1256738252
5071866632
8087537112
6572751485
3470716852
6852540672
5614305872
7141586283
5208857255
5461800762
8576521477
2765811045
7245458064
2642353678
0565782260
7132360851
8020182754
7582547072
2635548473
2318805738
1758628183
5028784027
2254878046
2080548167
3576028417
4755448527
3571202581
8266874005
7587023370
5008674122
0838615372
2865756230
2725486735
0732375608
2781835876
6577186752
5471780732
4820153437
7807514826
7362501138
8740203574
7321834465
5252837416
5180752063
6266578378
1881575502
0821865407
0512472863
0426546873
8576376252
1462415837
3121076458
6421883057
8420712657
6727388051
3827203654
7131857284
1527088304
2835753445
1582335574
5137772883
5028427706
6450837262
8302325777
2345788034
5571148862
5032301728
1025478505
2164072581
4837228561
0722386415
2155540780
8737370257
5708124462
2855327220
5260578877
8447365286
4215422278
4428372575
2712268153
8745848422
6210085702
7574626183
8842257667
8205037000
3428354872
0435172854
5785787052
2555102857
8465172783
5286574517
7622158703
1522635877
2814574887
8725182282
6858755723
2048470158
7156822550
3802546761
5856343270
5582117401
